100001	100002	1.0
100001	100001	1.0
100001	100006	0.8382140782815091
100001	100009	0.5333315806269955
100001	100008	0.5257886356335372
100001	100003	0.4127330350041167
100001	100088	0.3622244601509481
100001	100007	0.3446998968872512
100001	100111	0.3213100703324356
100002	100002	1.0
100002	100001	1.0
100002	100006	0.8382140782815091
100002	100009	0.5333315806269955
100002	100008	0.5257886356335372
100002	100003	0.4127330350041167
100002	100088	0.3622244601509481
100002	100007	0.3446998968872512
100002	100111	0.3213100703324356
100003	100003	0.9999999999999999
100003	100002	0.4127330350041167
100003	100001	0.4127330350041167
100003	100007	0.16940404936208467
100003	100008	0.10544602080473019
100003	100006	9.491293782247108E-4
100003	100111	-0.010574919055142039
100003	100088	-0.023411213640666787
100003	100009	-0.026551530053642892
100006	100006	1.0000000000000002
100006	100002	0.8382140782815091
100006	100001	0.8382140782815091
100006	100008	0.6920377088182731
100006	100007	0.6457352011623491
100006	100009	0.4723198148445518
100006	100111	0.31694872786052924
100006	100088	0.2883454349549811
100006	100003	9.491293782247108E-4
100007	100007	1.0
100007	100008	0.6660105072348902
100007	100006	0.6457352011623491
100007	100002	0.3446998968872512
100007	100001	0.3446998968872512
100007	100003	0.16940404936208467
100007	100111	0.08562738087578292
100007	100009	-0.004506726133009449
100007	100088	-0.09149718162765397
100008	100008	1.0000000000000002
100008	100006	0.6920377088182731
100008	100088	0.6818695122447435
100008	100007	0.6660105072348902
100008	100002	0.5257886356335372
100008	100001	0.5257886356335372
100008	100009	0.47469909423854323
100008	100003	0.10544602080473019
100008	100111	-0.06885295482242049
100009	100009	0.9999999999999999
100009	100111	0.6456936918108096
100009	100088	0.6378587450997324
100009	100002	0.5333315806269955
100009	100001	0.5333315806269955
100009	100008	0.47469909423854323
100009	100006	0.4723198148445518
100009	100007	-0.004506726133009449
100009	100003	-0.026551530053642892
100088	100088	0.9999999999999998
100088	100008	0.6818695122447435
100088	100009	0.6378587450997324
100088	100002	0.3622244601509481
100088	100001	0.3622244601509481
100088	100006	0.2883454349549811
100088	100003	-0.023411213640666787
100088	100007	-0.09149718162765397
100088	100111	-0.17622245192747144
100111	100111	0.9999999999999998
100111	100009	0.6456936918108096
100111	100002	0.3213100703324356
100111	100001	0.3213100703324356
100111	100006	0.31694872786052924
100111	100007	0.08562738087578292
100111	100003	-0.010574919055142039
100111	100008	-0.06885295482242049
100111	100088	-0.17622245192747144
